V1
0,0,-0.3194658407054371,0.20206937639178468,-0.1704223198825426,0.3849897188350933,0.3768571273995477,0.1366352021650244,0.13452073063823428,0.20719570746197266,0.2041735440245384
1,1,-0.3476641853890782,0.41944943616011593,0.2709345913118231,-0.2936921369853124,0.17014477809290934,0.20588139654270554,0.2501245728704258,0.35006097997670277,-0.20735364808072881

V2
0,1,0.541564647268516,-0.6940488754054263,-0.7366813475797491,-0.6646225197626942,0.9012179548714244,-0.5477868760312449,-0.543218542385584,-0.8878533010248598,0.9895345497830654,-0.4322247736105144,-0.929435384874571,0.6927902042404958
1,0,0.5885023752995389,-0.41279453175089176,-0.3169133063015496,-0.22694309387665385,-0.16493665738481458,0.334870585574561,0.2148544760525783,-0.12651175965691103,0.5882863053727359,0.306819588921342,0.3000859728624336,0.5611122397587158

V3a with hitCloserToHome
1,0,0.5811368258685485,-0.20119001166558162,-0.4578817995290431,-0.4843986116478859,-0.5092593612173328,-0.4231002428132045,0.7075708250303997,-0.7028574632171825,0.2596270969360036,0.6125031046084275,0.3993323575093502,0.2910843980655567,0.811532882188926
0,1,-0.5101761058424187,-0.35452775252025015,0.4690095053124725,-0.3288767208638267,0.13468927324547716,0.3071581906772625,-0.3414800478758801,-0.3454275382325187,0.26689455737479245,-0.2315971742800942,-0.11816258897308628,-0.0795836812290553,-0.45607371825014276
1,0,0.6061896432657419,-0.2025914353735033,-0.4888203676721583,-0.5255585494420713,-0.5532478028496577,-0.4636258656604482,0.7191786706034273,-0.7526935120468896,0.2998788851133438,0.6468777874200441,0.4294845565445971,0.2984472657414795,0.8506074478822638
0,1,0.6061896432657419,-0.2025914353735033,-0.4888203676721583,-0.5255585494420713,-0.5532478028496577,-0.4636258656604482,0.7191786706034273,-0.7526935120468896,0.2998788851133438,0.6468777874200441,0.4294845565445971,0.2984472657414795,0.8506074478822638

V3b with hitCloserToHome (use this, bot 0)
1,0,0.8757013332023772,1.1707286381591757,0.6049487866373607,-0.9507655864168963,0.6191530717074311,-0.6528224043230927,-0.7134064353365566,-1.0689370519672463,-0.9730197739137859,1.0832040421276223,-0.8318912650590342,-0.9299183939194404,-1.0155273578585855
0,1,-0.03513936430669383,0.19382421845632325,-0.017996850090799908,-0.17076338695650442,0.18558324556823289,-0.09301970267251067,0.0825684323010196,0.01848404459654799,0.0016991906478173446,0.2709366580416333,0.1629123802383231,0.059202727960715684,0.027673212566843682

V3c with hitCloserToHome (use this, bot 0)
1,0,0.7329776226995188,0.4298529015431047,-0.7997400772156807,0.7988136706803466,0.906343498307297,0.6650880188115804,-0.6271100013611718,-0.5439699482956004,0.6120699483771359,0.6378215661345913,0.838064539024467,0.8419565026018587,-0.8187219911387228
0,1,-0.6644769710713472,-0.9985063539505745,-0.6898847341885694,-0.6398038736654708,-0.5091521665387774,-0.8006019650873405,-0.6328837314556153,-0.5134011057759448,-0.9172270934500574,-0.6498975737777345,-0.6869499632114697,0.6537757271306652,-0.6029517734605363

V3d with hitCloserToHome (play against this, bot 0)
1,0,0.3116393315933085,-0.5092938210573711,-0.3683676187010904,0.4001092570701055,0.4371498274609884,-0.43794877130139803,-0.4801156181919129,0.5490100493852016,-0.4067896937142012,-0.5335402974779934,-0.3274639160861193,-0.5038162239196716,-0.28308495201790873
0,1,-0.5732811038488576,-0.5550195613329272,-1.128936581107046,-0.40761722758758934,-0.3770631211386256,-0.282104344131621,-0.7339286517473138,-0.4682162189962735,-0.07616896168618183,-0.8643776352857411,0.3155284408035214,-0.3308478776120688,-0.27412223348776665

V3e with hitCloserToHome (play against this, bot 0)
1,0,0.36034300151882226,-0.5258366802012432,-0.33198496031745844,0.8823457637214432,0.5982601436481815,-0.6516400758406259,-0.3348560374339655,0.2870381547431047,-0.6102727081613346,-0.2911865873949929,0.6409915066139728,0.506997352235503,-0.5534864888809363
0,1,0.46702763134277603,-0.18445925004466324,0.7204841626517278,-0.2582094134955962,-0.242891246379203,-0.3548513396696451,-0.564270048868667,-0.5978588488547116,-0.36131633494176324,0.3913754931934366,-0.389571020144709,0.6649259051292248,-0.3306160579517458

V3f with hitCloserToHome (use this, bot 1)
0,0,0.39128699989819715,0.4451317253170569,0.3568311957777025,-0.3564987246136134,0.23439388183227036,-0.21448866629124552,-0.07676956468884516,-0.719885555620192,0.18206899734345885,-0.5064372188450178,0.49183269357079107,-0.6203204847132812,0.4255310232362728
1,1,-0.4169580195574739,-0.1338309292201188,-0.26125415202349755,-0.7999612038979028,-0.2588472459722307,-0.11705532883044659,0.623220537094036,0.22392654267323442,-0.36746066032871,0.5224014999784781,-0.43391755437250845,0.27922119274627843,0.6595826095860792

V3g with hitCloserToHome (play against bot 0)
1,0,0.2937517313912871,-0.5386684358045436,0.2033487815699566,-0.6073605764026547,-0.7350918822758501,-0.5362113926540836,0.16622013996811577,-0.5736896234722823,-0.5817671715415574,-0.22732543970636854,-0.4283910514920395,-0.38726267557977123,-1.1127523794219558
0,1,-0.24466499197747144,0.7242630095133219,-0.515288672747829,-0.641781544936953,0.5558601305427283,-0.6546151647692289,0.3390077174120042,-0.808042486076124,0.40221439761217825,0.5197846399622931,0.6894663885895674,-0.48610237654442034,0.47671835256853246
V3g notice, playing again with these weights, bot 1 wins more than bot 0.
(play against bot 1 weights)
0,0,0.2544131219718623,-0.5871940382559897,0.34443602643214805,-0.5841446485054017,-0.8939860123773776,-0.4437590132970488,0.19908766573007627,-0.6256871442923746,-0.810806443375318,-0.4799312502839257,-0.5379346310981894,-0.5930311071374456,-1.3685844778017457
1,1,-0.4730228119992761,0.9730916468219631,-0.6255620626990784,-0.9177522897568771,0.8266751659821898,-0.7994244615867675,0.5397260009643897,-0.8721020200395989,0.6021744365308698,0.5878076719628873,0.8710409328753512,-0.7138370254159546,0.6732863014662978

0,0,0,0,0,0,0,0,0,0,0,0,0,0,0
0,1,0,0,0,0,0,0,0,0,0,0,0,0,0
